sequence_id	chain_type	v_gene	d_gene	j_gene	region	aa_position	imgt_position	ref_aa	mut_aa	ref_codon	mut_codon	query_nt_pos	is_silent
GGACAGAAGACAGAGA-1_contig_2	VH	IGHV4-59*01	IGHD2-2*02	IGHJ6*03	FR1-IMGT	19	19	S	T	tcc	acc	55	no
GGACAGAAGACAGAGA-1_contig_2	VH	IGHV4-59*01	IGHD2-2*02	IGHJ6*03	FR2-IMGT	40	45	P	S	ccc	tcc	118	no
GGACAGAAGACAGAGA-1_contig_2	VH	IGHV4-59*01	IGHD2-2*02	IGHJ6*03	FR2-IMGT	46	51	E	D	gag	gac	136	no
TCTTTCCTCTCCAACC-1_contig_2	VH	IGHV4-59*01	IGHD2-2*02	IGHJ6*03	FR1-IMGT	19	19	S	T	tcc	acc	55	no
TCTTTCCTCTCCAACC-1_contig_2	VH	IGHV4-59*01	IGHD2-2*02	IGHJ6*03	FR3-IMGT	80	88	L	V	ctg	gtg	238	no
TCTTTCCTCTCCAACC-1_contig_2	VH	IGHV4-59*01	IGHD2-2*02	IGHJ6*03	FR3-IMGT	83	91	S	N	agc	aac	247	no
