sequence_id	chain_type	v_gene	d_gene	j_gene	region	aa_position	imgt_position	ref_aa	mut_aa	ref_codon	mut_codon	query_nt_pos	is_silent
TCCACACTCATGTCTT-1_contig_2	VK	IGKV1-9*01	N/A	IGKJ4*01	FR1-IMGT	7	7	P	P	cca	ccc	19	yes
TCCACACTCATGTCTT-1_contig_2	VK	IGKV1-9*01	N/A	IGKJ4*01	CDR1-IMGT	27	28	G	D	ggc	gac	79	no
TCCACACTCATGTCTT-1_contig_2	VK	IGKV1-9*01	N/A	IGKJ4*01	FR2-IMGT	44	51	K	K	aag	aaa	130	yes
TCCACACTCATGTCTT-1_contig_2	VK	IGKV1-9*01	N/A	IGKJ4*01	FR3-IMGT	53	67	L	L	ttg	tta	157	yes
TCCACACTCATGTCTT-1_contig_2	VK	IGKV1-9*01	N/A	IGKJ4*01	FR3-IMGT	60	74	R	R	agg	aga	178	yes
CTCGGAGCATAGAAAC-1_contig_2	VK	IGKV1-9*01	N/A	IGKJ4*01	FR1-IMGT	7	7	P	P	cca	ccc	19	yes
CTCGGAGCATAGAAAC-1_contig_2	VK	IGKV1-9*01	N/A	IGKJ4*01	CDR1-IMGT	27	28	G	D	ggc	gac	79	no
CTCGGAGCATAGAAAC-1_contig_2	VK	IGKV1-9*01	N/A	IGKJ4*01	CDR1-IMGT	29	30	S	S	agc	agt	85	yes
CTCGGAGCATAGAAAC-1_contig_2	VK	IGKV1-9*01	N/A	IGKJ4*01	FR2-IMGT	33	40	A	G	gcc	ggc	97	no
CTCGGAGCATAGAAAC-1_contig_2	VK	IGKV1-9*01	N/A	IGKJ4*01	FR2-IMGT	39	46	P	V	cca	gta	115	no
CTCGGAGCATAGAAAC-1_contig_2	VK	IGKV1-9*01	N/A	IGKJ4*01	FR2-IMGT	41	48	K	E	aaa	gaa	121	no
CTCGGAGCATAGAAAC-1_contig_2	VK	IGKV1-9*01	N/A	IGKJ4*01	FR2-IMGT	44	51	K	R	aag	aga	130	no
CTCGGAGCATAGAAAC-1_contig_2	VK	IGKV1-9*01	N/A	IGKJ4*01	FR3-IMGT	53	67	L	L	ttg	tta	157	yes
CTCGGAGCATAGAAAC-1_contig_2	VK	IGKV1-9*01	N/A	IGKJ4*01	FR3-IMGT	56	70	G	G	ggg	gga	166	yes
CTCGGAGCATAGAAAC-1_contig_2	VK	IGKV1-9*01	N/A	IGKJ4*01	FR3-IMGT	58	72	P	P	cca	ccg	172	yes
CTCGGAGCATAGAAAC-1_contig_2	VK	IGKV1-9*01	N/A	IGKJ4*01	FR3-IMGT	60	74	R	K	agg	aag	178	no
CTCGGAGCATAGAAAC-1_contig_2	VK	IGKV1-9*01	N/A	IGKJ4*01	FR3-IMGT	65	79	G	G	gga	ggt	193	yes
