sequence_id	chain_type	v_gene	d_gene	j_gene	region	aa_position	imgt_position	ref_aa	mut_aa	ref_codon	mut_codon	query_nt_pos	is_silent
CCTTACGCAATAACGA-1_contig_2	VH	IGHV3-15*01	IGHD3-9*01	IGHJ4*02	CDR1-IMGT	26	27	G	G	gga	ggg	76	yes
CCTTACGCAATAACGA-1_contig_2	VH	IGHV3-15*01	IGHD3-9*01	IGHJ4*02	CDR1-IMGT	27	28	F	L	ttc	ctc	79	no
CCTTACGCAATAACGA-1_contig_2	VH	IGHV3-15*01	IGHD3-9*01	IGHJ4*02	CDR1-IMGT	31	32	N	S	aac	agc	91	no
CCTTACGCAATAACGA-1_contig_2	VH	IGHV3-15*01	IGHD3-9*01	IGHJ4*02	FR2-IMGT	35	40	S	T	agc	acc	103	no
CCTTACGCAATAACGA-1_contig_2	VH	IGHV3-15*01	IGHD3-9*01	IGHJ4*02	FR2-IMGT	47	52	W	Y	tgg	tac	139	no
CCTTACGCAATAACGA-1_contig_2	VH	IGHV3-15*01	IGHD3-9*01	IGHJ4*02	FR2-IMGT	48	53	V	I	gtt	att	142	no
CCTTACGCAATAACGA-1_contig_2	VH	IGHV3-15*01	IGHD3-9*01	IGHJ4*02	CDR2-IMGT	56	61	D	H	gat	cat	166	no
CCTTACGCAATAACGA-1_contig_2	VH	IGHV3-15*01	IGHD3-9*01	IGHJ4*02	FR3-IMGT	63	68	A	T	gct	act	187	no
CCTTACGCAATAACGA-1_contig_2	VH	IGHV3-15*01	IGHD3-9*01	IGHJ4*02	FR3-IMGT	67	72	K	E	aaa	gaa	199	no
CCTTACGCAATAACGA-1_contig_2	VH	IGHV3-15*01	IGHD3-9*01	IGHJ4*02	FR3-IMGT	75	80	D	D	gat	gac	223	yes
CCTTACGCAATAACGA-1_contig_2	VH	IGHV3-15*01	IGHD3-9*01	IGHJ4*02	FR3-IMGT	79	84	N	N	aac	aat	235	yes
CCTTACGCAATAACGA-1_contig_2	VH	IGHV3-15*01	IGHD3-9*01	IGHJ4*02	FR3-IMGT	81	86	L	M	ctg	atg	241	no
CCTTACGCAATAACGA-1_contig_2	VH	IGHV3-15*01	IGHD3-9*01	IGHJ4*02	FR3-IMGT	97	102	Y	Y	tac	tat	289	yes
CCTTACGCAATAACGA-1_contig_2	VH	IGHV3-15*01	IGHD3-9*01	IGHJ4*02	CDR3-IMGT (germline)	99	105	T	T	acc	acg	295	yes
CCTTACGCAATAACGA-1_contig_2	VH	IGHV3-15*01	IGHD3-9*01	IGHJ4*02	CDR3-IMGT (germline)	100	106	T	K	aca	aaa	298	no
CGAATGTGTCCTCCAT-1_contig_2	VH	IGHV3-15*07	IGHD3-16*03	IGHJ4*02	FR1-IMGT	12	12	V	V	gta	gtt	34	yes
CGAATGTGTCCTCCAT-1_contig_2	VH	IGHV3-15*07	IGHD3-16*03	IGHJ4*02	FR2-IMGT	35	40	N	T	aac	acc	103	no
CGAATGTGTCCTCCAT-1_contig_2	VH	IGHV3-15*07	IGHD3-16*03	IGHJ4*02	FR2-IMGT	45	50	L	P	ctg	ccg	133	no
CGAATGTGTCCTCCAT-1_contig_2	VH	IGHV3-15*07	IGHD3-16*03	IGHJ4*02	FR2-IMGT	47	52	W	Y	tgg	tac	139	no
CGAATGTGTCCTCCAT-1_contig_2	VH	IGHV3-15*07	IGHD3-16*03	IGHJ4*02	FR2-IMGT	48	53	V	I	gtc	att	142	no
CGAATGTGTCCTCCAT-1_contig_2	VH	IGHV3-15*07	IGHD3-16*03	IGHJ4*02	CDR2-IMGT	55	60	T	V	act	gtt	163	no
CGAATGTGTCCTCCAT-1_contig_2	VH	IGHV3-15*07	IGHD3-16*03	IGHJ4*02	FR3-IMGT	63	68	A	T	gct	act	187	no
CGAATGTGTCCTCCAT-1_contig_2	VH	IGHV3-15*07	IGHD3-16*03	IGHJ4*02	FR3-IMGT	64	69	A	A	gca	gcg	190	yes
CGAATGTGTCCTCCAT-1_contig_2	VH	IGHV3-15*07	IGHD3-16*03	IGHJ4*02	FR3-IMGT	72	77	I	L	atc	ctc	214	no
CGAATGTGTCCTCCAT-1_contig_2	VH	IGHV3-15*07	IGHD3-16*03	IGHJ4*02	FR3-IMGT	81	86	L	I	ctg	ata	241	no
CGAATGTGTCCTCCAT-1_contig_2	VH	IGHV3-15*07	IGHD3-16*03	IGHJ4*02	CDR3-IMGT (germline)	100	106	T	K	aca	aaa	298	no
CGAATGTGTCCTCCAT-1_contig_2	VH	IGHV3-15*07	IGHD3-16*03	IGHJ4*02	FR4-IMGT	7	124	E	E	gaa	gag	347	yes
