sequence_id	chain_type	v_gene	d_gene	j_gene	fr1_muts	cdr1_muts	fr2_muts	cdr2_muts	fr3_muts	cdr3_muts	fr4_muts	total_muts
GTGCAGCAGGTAGCTG-1_contig_1	VK	IGKV1D-13*02	N/A	IGKJ4*01	0	1	0	0	0	0	0	1
TGACAACTCTGCTGTC-1_contig_1	VK	IGKV1D-13*02	N/A	IGKJ4*01	0	1	1	0	1	0	1	4
CTTGGCTCATGTAAGA-1_contig_2	VK	IGKV1D-13*02	N/A	IGKJ4*01	1	2	3	0	2	1	1	10
AGGCCACCATGGATGG-1_contig_2	VK	IGKV1D-13*02	N/A	IGKJ4*01	0	0	0	0	0	0	0	0
TCAACGAGTCGACTGC-1_contig_2	VK	IGKV1D-13*02	N/A	IGKJ4*01	1	0	5	1	5	2	0	14
ACAGCTAGTTACGCGC-1_contig_1	VK	IGKV1D-13*02	N/A	IGKJ4*01	1	2	2	0	3	2	0	10
CAAGATCTCAGATAAG-1_contig_1	VK	IGKV1D-13*02	N/A	IGKJ4*01	0	0	0	0	0	0	0	0
GATCGCGCATTTGCCC-1_contig_1	VK	IGKV1D-13*02	N/A	IGKJ4*01	2	1	1	1	2	1	0	8
TCAGCTCTCACGCGGT-1_contig_1	VK	IGKV1D-13*02	N/A	IGKJ4*01	0	0	0	0	0	0	0	0
TTAGGCATCAAACGGG-1_contig_2	VK	IGKV1D-13*02	N/A	IGKJ4*01	0	2	2	0	3	1	0	8
